# Created by Octave 6.2.0, Wed Apr 21 09:57:26 2021 CEST <danieldoerfler@C02YL1FTLVDD.local>
# name: data
# type: matrix
# rows: 510
# columns: 2
 2.8893910282646909 0.34645556004096112
 3.9083977698507057 2.4807684220402795
 5.4975528020758677 8.6411991873367953
 1.6581147729696639 -1.7199824969510371
 3.5075962007635582 2.4983655927252322
 2.5427000775639819 1.0484213602835726
 4.3407952483063177 6.9774266651356704
 3.9799393391199995 5.848334341754347
 2.9351608494939962 1.9088163168637005
 3.035112209116769 3.6031601782859513
 1.6360683762514279 -1.6826896358022232
 4.5943823240782304 8.0902764553027566
 4.0957135490099947 3.3399326121999504
 3.8409357624841367 4.8939450971567222
 2.5273693947084119 2.2948996979033796
 4.1638309635205344 6.4256088981880275
 3.3943706212346876 3.7915173764808143
 2.8393659998574794 2.2053875527615441
 4.8148149441918662 8.2894138767110306
 2.4090976521317904 0.028879995477658404
 2.5840749334926958 -0.76928522664826993
 3.0267784963567581 -0.95711716978127903
 2.9143596701286514 -1.2407629756401723
 3.3980737626707933 4.3188708121320101
 1.2216710655540319 -2.8546598858028585
 3.9535884291295291 5.6676857063213415
 3.3985742102272503 3.7076801964596449
 0.59078267758468295 -4.4033029128615135
 4.8770151235580652 5.2699595589331265
 3.0929505002693887 2.6216237561536087
 3.1050507569996593 1.2464629363670832
 3.2501753965804707 1.9702074426507936
 2.0509095987750783 2.1219647155212331
 3.3565772484068694 2.6186326298660294
 3.6802813653567483 4.8178853781284774
 3.1049886879942963 0.7132336927781473
 2.943656138057523 0.9435736286349643
 2.28044416743503 1.2095263440788302
 1.1161102053386116 -3.4986412600976893
 4.2107129360535804 4.1100439151422172
 1.8564972558676729 0.90489410856486407
 2.8263720135585659 1.9153567870097663
 4.3712556750355231 3.7947885631438174
 3.180869544036784 5.4855763694359876
 3.2482224366713197 0.36082200752802374
 3.3614424419755986 1.2250984946935248
 1.8556788192567828 2.2516358301812178
 3.1140365374080892 3.4716540166784036
 1.0669245280734816 -1.7817255244293717
 3.3193567717048444 1.6072344416666628
 2.9718522004592822 3.5003411783743417
 2.4461282122817529 -2.3858743442638453
 1.6298986056915563 0.99768742904726793
 2.7940443679328855 2.6763407726890902
 3.1458298041892294 1.6154452065319991
 4.1629457496475535 7.0705894266920062
 2.4647607297664638 -0.28938721268600176
 1.5236397846454843 -1.1025517108495748
 2.8661872091097771 2.2522094765940768
 3.8458084947886046 3.8765007927345403
 4.985144830357914 6.2137918310640199
 3.1537686196264638 3.5558442737614477
 2.7881530433894453 3.8329511072233036
 1.5943289438866164 -0.18188182428562172
 7 -9
 4.5158984169572829 5.9320906645865792
 2.1215113532923722 0.2034492707932094
 0.173445765252211 -7.533676595863259
 2.6659849758079472 -0.30548664480329668
 4.5431416257393709 6.7897753947671413
 3.2207594163627578 1.7283134240825517
 2.1600777910328994 1.14251054195601
 0.36145190041768283 -4.8068906916945418
 3.437598553173673 2.7660189829786668
 1.0399917297372765 -2.0194054805660846
 3.2928166099831957 3.5595359031639191
 3.45178897353943 1.645510231018936
 2.1583415113752 -1.1163767739526822
 4.6528839449517481 7.0716884303304335
 2.4523305379834239 -0.56623007423301619
 1.8242756439662418 -1.562701292955095
 4.7925940115996983 6.0390429069697351
 3.6509726392249733 3.7324875716089276
 1.5155048460974287 -3.3716314122726887
 3.1039518424026404 2.4631030954406574
 3.2319586139857415 2.4758576456652692
 4.1337084808383917 4.8038323737730817
 4.0791083679812843 4.4603902016316166
 5.5749817321831623 8.3008129049553183
 4.1546175812808928 4.6985174081477297
 3.4347457010715798 4.2481687433472519
 3.693662825841352 4.9561837927286785
 1.0642847615406572 -2.9389802493138406
 1.3875095322681938 -2.5392496361360841
 0.42210612541194603 -2.8636104733000138
 2.5790754091103505 1.232556015706797
 2.3539775500255256 -1.8793907647885821
 2.9005368882856728 -0.59524451517981625
 1.1818622022823739 -2.8640754447304921
 2.8357298281409711 1.5964573142834755
 3.2564243369807775 2.9839951303029855
 2.3632151460954827 -0.06903348194309844
 3.5149213167923286 4.2608514313189545
 5.7535658193136481 9.79780767202781
 2.9499312114843939 2.5391629571646663
 3.3753577275664139 2.4393320924673474
 2.685991052525682 4.002665712423795
 4.6012065566312783 6.2109831902229367
 2.025531574854643 -2.2646079844446056
 3.8107514323669678 3.6080814900456728
 5.5325018861877613 7.9385092908127737
 2.5940664149013486 -0.71524347579352288
 3.1757053101345947 0.75533909536457799
 4.5496372784395973 7.9055182667640578
 2.695472054515152 -0.83403828592834639
 3.3209722818551497 3.3687064810227603
 2.5896675629542338 0.25322160551064687
 3.4451557402564248 1.9201402352420882
 3.8154041721018732 5.3919737337818638
 2.0292485847473527 -1.2432088065125568
 2.708954825533648 1.302325777565029
 2.8790004641599567 0.79475824254043115
 3.1712944767280176 6.4425730418780658
 4.3379061279297462 5.9603000891940905
 2.232931291789531 -0.2891014388842037
 3.0180070863162252 4.8692974223819654
 4.1386207503692471 3.7592885430487764
 3.8770831596817361 1.0055917349229162
 3.940896698162299 6.0198670965634671
 2.631287247277676 1.725371120521572
 2.5869767044932583 -0.56886722904999543
 -1 5
 3.5389360302303507 2.4849237921657705
 4.2986071808521498 3.0992382455900511
 3.312546680673103 2.6631270623584684
 3.6941686453840821 4.5448752337761693
 3.9815949681724687 5.1735063277767317
 2.98640801091581 3.4659027271672
 4 -10
 4.5993380989554042 4.9864075084239836
 2.2382132280714839 1.9378504230564322
 3.3776075335377889 2.7985054047958107
 3.648144508932059 5.2870789357767372
 3.0644607217497959 0.92973651653199374
 3.0648940232512718 2.3689035543039267
 2.1562960980321746 -0.54132430904273532
 2.4499499890221221 -1.6653133224093737
 2.9574388281913442 2.7780729597234268
 0.096913484522483717 -3.4984037556568346
 2.4958295290382471 -0.81046750032505832
 3.4923440375612618 2.6943985461105582
 2.2274254924387318 0.32820725205298529
 2.4867784949222385 0.98129528320707915
 3.5864942706543639 5.187522209590675
 4.805700523585581 4.7948906327092295
 2.6207001644851462 2.8177327191236969
 2.469479566976676 0.22477757536055099
 2.1600861230347617 1.644165932973068
 -1 5
 1.0128355257648454 0.060513266727030279
 3.7417868195230457 2.716572534976037
 2.8010917735430305 1.3194105115354682
 2.5107222411209831 1.8765615919403433
 1.0660931980757391 -7.2140913765680637
 3.2907645194728521 3.1899425376709329
 1.6240554991565461 -5.4074504070745339
 3.7147466052518099 3.9374145522840704
 2.3414186185530337 1.5692299715064844
 4.0126979127828548 4.2903795237961111
 2.6517530357344476 -0.24108873471672831
 4.1428036270921176 5.3034689394159713
 3.6915468418871509 1.8204895906845127
 3.8914154379627348 2.3001691245239488
 1.4943765404909719 -0.95331602076001065
 3.1954216242157805 3.5395955963533998
 -1 5
 2.1284835098063226 1.5930161974561574
 1.3277970298704298 -3.7546382279335289
 2.1915695261935837 1.0656357994477346
 2.8088059416806512 2.2149761526216598
 3.4311462034365237 2.8150177724968435
 3.3002491842578245 1.4081907985705886
 2.8840327254121543 2.6644917857375852
 4.3495824735188116 4.6129235862578408
 2.3864580060519023 1.9145430880165886
 3.8986056574870682 4.685112597323041
 3.0052382496647869 1.3325708257042903
 2.9612092210720111 -0.19256205464973863
 3.2244215115021819 2.7912031466462022
 4 -10
 3.4320745632357266 1.8789621791957696
 4.4040800651103531 7.7254189592527878
 2.4011960022646766 -3.4152957777415311
 1.0983496628618732 -4.4208917161822425
 2.1465095760407791 0.67902695360480636
 3.7102179925851204 4.7479392147556725
 2.4793490731539034 1.8110371401136187
 4 -10
 3.2156918474109517 0.28221529105112864
 2.5764057711790525 -1.7867348523739248
 2.1860231310421914 0.013094128651270465
 1.2082892108546526 -2.3704127926577794
 2.2027225557599861 0.026603290916873412
 3.9086734948292898 5.3102141182182594
 3.1196453764371599 2.3066398217970647
 2.775327891160178 2.0996000719432684
 4.2091037659685302 3.6301994356037421
 3.2992471070158396 3.5405744394747947
 3.2375549099379826 6.952264070503368
 3.2538830465584492 4.7144125979489679
 4.6133138250328489 6.5072361196965147
 2.4755044079294199 -2.0048483874089156
 2.2830021412862722 -1.499368091498618
 1.7873842931617712 -1.1576250971250901
 3.3802133142540329 1.4548741085558634
 4.3089135714836191 4.8307831413161466
 2.8130433210497876 2.6999436120636839
 3.9585620216737922 7.1892693829023964
 2.721488416912266 -1.997506721605053
 2.9241475429229058 1.9507568809656495
 3.215465234408728 2.4224128087857135
 0.94342750311338008 -2.9158805841854001
 4.67996840152452 5.6782704404195599
 1.762120414706954 -1.3937886736147105
 2.218061923800148 0.28647812179015242
 2.9051270696243008 -0.60499668591983768
 3.6003718620030889 1.0528385377326288
 1.6133324104004363 0.22407855939453558
 5.1972907332170122 7.0724447589950579
 2.5292539726157033 1.0639409700827596
 3.2024730896789571 3.5129613099151991
 2.455086490080896 -1.0094803244866153
 3.9216803519652599 2.3514525215629978
 3.9172700361239676 1.9496528770937327
 2.5506060027205919 1.9409366435833055
 1.5969207869334903 -2.0457872898549931
 4.1632055185049612 3.9357365429986015
 1.9937023730603691 0.34113728365674056
 3.5233433649805299 3.5658507889566211
 3.6640858244807344 3.8657875003306383
 3.7666716565441494 4.5191971169897789
 3.130994844216632 2.6731096962332774
 4.0358044970956737 2.4365485045117041
 2.2425426791463434 2.344972012502041
 3.0832968316045548 1.7932615605060711
 3.5393465322834468 0.47377473548920945
 3.7733492779352522 3.9209402342234068
 3.370077815459334 3.7802567462063466
 4.279480206848719 6.0801706817513974
 3.16188008886783 1.0850140689868171
 3.6070061112357181 3.7261998796538256
 2.0210668063916888 0.31875342612948465
 2.8933541785031891 4.2323575599391949
 2.7435131570716389 4.157998892459954
 5.129192880255979 6.8503848181006424
 2.4414961988995159 -1.7875849959533889
 1.4260042694032244 -1.7645437081577589
 2.1689792354001258 -0.047308500956297461
 4.0229930529683351 3.1267409111124538
 0.4575344216452315 -6.1024208187281275
 2.4149926077311092 2.3046042219595071
 3.1440195841341723 3.1181405415160839
 4.302245043008929 4.10074993086746
 2.6914810060720584 1.8255542629784183
 2.9954745646740681 3.6031554830250063
 1.5879312238872816 -1.5505999681518756
 3.0757400128841308 3.3934387372193333
 3.3528479021009034 1.5004019093583789
 1.2220104732385217 -0.97399881690882806
 1.8769470287455339 -1.306379809446967
 2.5002646045250465 -2.3299890599773843
 2.4616600987229345 2.7706786855172165
 1.7797490044275623 -3.7909550331174993
 1.8732384094095145 0.59010871096464368
 3.2534348719911002 -0.5928744691631227
 3.8571586946429584 3.1490064199044134
 2.691433041552389 -0.075351955612731114
 2.0006762041579949 3.3177873282353354
 2.3768770014249436 0.83857377143817891
 3.416646652956667 1.6316494883888537
 2.6215227234282446 -1.6374567336684325
 3.5511537811191642 4.6681524483026742
 2.3912906890534225 0.20893711442049101
 2.5874410899762048 -0.27598748040796028
 1.9750028812222415 0.72279891732934676
 4.2062999637521834 5.5979554582790998
 3.1507532535109344 2.4445432197434944
 4.6293938493860916 3.8993728441406499
 2.3491531279797986 4.3539943413208118
 3.3719857091185692 2.2586996777788775
 3.6030328186479377 3.6804652255181853
 2.6593038973053074 2.8740162542026875
 3.5610504376825758 3.7283829139645945
 3.8932130943906542 5.7926068964645774
 2.04722596663483 0.78170262324775552
 3.9949422269807959 4.5371866631797912
 1.2245664480323772 -1.4336102765751146
 3.9967405560962841 2.1296877099961224
 3.8774325094654358 5.0427401086012535
 3.6419623533325023 2.1595154525001554
 2.8478043431168745 -0.28485014605686265
 4.2232558506439126 5.2527782417615754
 3.7598536396615572 3.0618506447352383
 0.1495046342840749 -5.1455180884827607
 2.5447946148594012 0.42747769873987407
 1.8440516248325105 -1.1103947842061208
 5.5481196307033738 6.3690423379471524
 2.7634989685253637 1.2048069062529045
 4.2935446263480941 4.4102158752526588
 3.4967091648284438 0.21523602984470891
 2.8686507342656276 1.1697716117760253
 4.3802561518733496 5.3010336571652061
 0.8305698714281724 1.6263814268437522
 2.5858277992402217 2.5829523465471778
 3.3966666810421371 0.45299797537743003
 3.6825573015696369 4.3928655424824186
 3.0180416157106169 0.89378873643202894
 3.5837194147181926 2.8325601006430841
 1.4376441183357804 -2.8018832678340644
 4.0636455975778603 7.3045913393933128
 4.0883966771181433 3.7108007037611506
 2.9156816373595746 1.7338235623178853
 1.9768572598375871 -0.81474053670952795
 2.3726355233335559 -2.6104081900940086
 3.212245682945428 2.7828188920624526
 2.0592432736009947 0.81293163871408924
 2.7233743863288669 0.38348840837797082
 3.3149762659941842 2.7634359725099014
 1.2269097889483311 -1.3869873972564579
 2.5103534977732149 -1.8772561299560229
 2.1559567872869096 -1.1401776410154305
 2.9403634735581634 5.9121327005631343
 1.9270423894894204 -2.7538078881179757
 1.0572551235537306 -3.5582391986888373
 2.2493012381513546 -1.1817346590835212
 2.7459863898348713 3.6441395650515203
 3 -11
 2.8481743226268592 0.8323421801788482
 2.298310818372987 2.0518558985674362
 3.0434500058573111 -0.30614842355724914
 3.888877810539566 2.4026867111862651
 4.9142063744645723 8.3629504709771521
 3.2711122712252849 5.4717715240161056
 4.4469873550823387 6.0894837392907535
 3.8573383478661354 4.3826101234782069
 5.745968335058814 8.4376270936392519
 3.765054492228872 2.5243639397756614
 4.0633450169960774 5.2930931300431077
 3.3921470312307775 3.4018586721684922
 2.2237929518549411 0.12959893723345406
 3.0666994415813855 2.1348890395743623
 3.8515898505890505 5.1490730671713019
 3.1817254515130138 3.0069564525280126
 3.390452856142645 3.78551179202656
 2.9558652014567408 1.7206630030137799
 2.9954587027846742 4.6572627136826528
 0.8727836934105242 -4.4200382672376097
 3.8623213484286261 4.7125341112333139
 1.4995852667867413 -1.7909333385832547
 2.6960711320648718 2.7777672516388296
 3.6214270657664551 5.9389752461120171
 3.8146930982592604 3.8453653826801637
 1.2517034220049212 -0.95046079801300332
 3.5534200389050765 1.3826347656349154
 3.0602383073536839 4.6232067812113629
 3.415542178643026 2.9076474374131123
 2.0553783964864669 0.79762878897867884
 3.6303942459364915 3.6959935390721963
 2.0219149337362463 -0.53415153645252955
 2.6648539099149655 0.9243809221846917
 3.0889042298983562 0.22585714335081142
 3.9247599957808506 4.4316173287376035
 2.9117721550632369 0.53582262140989423
 0.7034278787709769 -2.2020921040662396
 2.964143060227141 2.0172886327817436
 2.4685318397594012 0.72369811436480003
 1.1913274103327176 -3.4297627113556493
 3.4661762816172859 3.3324871970956886
 2.7088925880243044 2.5370383564774013
 1.5324355886766146 1.2007686446056889
 4.1297008334426906 7.1168068392244885
 2.9732899888123381 4.8092162467140138
 1.8141763857507696 -1.749396547449722
 5.2639834915727146 6.1019034705116804
 3.0570595066960733 3.4595801708543741
 1.9128115998085906 -0.50765992618237687
 1.8791548739025274 0.30962070420232424
 3.4009084512678163 4.3274232116854554
 2.6792503645499313 -1.6612885493878782
 2.1257447743278921 0.31473976974529227
 1.264977747826326 0.89928544853126069
 2.1157033361489979 -1.2045209608045528
 2.4206304673300316 3.1336182682311264
 3.2284780042652179 3.7140434315181956
 2.0083029588226182 -0.1315538057985739
 3.2910666698736089 0.81351639275628584
 3.0821059857886066 2.5137229645640606
 2.558381583444084 3.0062295543319033
 2.7357763868601515 -0.05016236272526875
 3.7530205886518178 -0.39503189220549473
 1.0767458412808979 -2.7683438146574506
 2.6518443329448256 0.94864800575657227
 3.3372592449090819 3.8928324053326424
 1.5671374840167116 -1.1586478941583902
 2.8984122465523812 0.51014059372275922
 3.6831465052939083 3.5547072457374198
 1.4928450819196282 0.24486301859785864
 2.6984905832100683 0.82368766358994816
 3.3067546666955745 3.7971399812502478
 3.6076485192162879 3.9544838004517269
 2.6033366138881862 -0.19856420857336943
 4.1628872448825476 4.1527335534357146
 3.5300827121784124 3.006459129190528
 3.4287074897190273 2.9402137975325222
 0.99839890825623412 -1.3511701996775414
 2.4264723503205921 1.9320325620009553
 4.4577263214519469 6.5110868429086679
 1.5644588777731023 -3.5587670691074065
 0.80536279390760868 -2.6387557295150952
 4.9858673067338373 7.6320588489588683
 3.3484955353824897 3.3041050405618648
 1.1225266445399964 -2.0685611221120199
 2.7414952821498946 0.26835065194369023
 1.6310300518245602 -3.7807982981831838
 5 -10
 3.693123905693025 4.9545368842319153
 3.518565567071982 0.39725611817480599
 5.9197416347143479 7.2145697891697278
 1.9918883189020387 0.57755887846230003
 3.4579758476185618 3.6313682333637707
 3.2702736097850496 3.9164961332502575
 3.4344419047476618 0.52787880086825689
 2.0059534513412642 -0.69453846113559692
 2.8897671286850031 1.9593659268596881
 3.7269205865384221 7.1000992860231582
 5.4269720238335504 7.6551732775019223
 3.1704414105578937 3.974757299732417
 3.6082824081548277 4.4582950281488669
 3.5815176167492409 5.4035125564151407
 2.3749385774851604 0.89819014334831526
 1.5022169243730319 1.73924920187868
 1.3985037049818063 -2.4498645489899715
 2.7704692520892058 2.4679802642908291
 1.1255131517258166 -2.3443830202433027
 3.0647353051375053 2.5205400821408759
 2.4782005743487332 0.89836412780392894
 5.2998928161946992 7.948195233610873
 3.991967796333189 5.8285022848503916
 4.3076256675146727 8.4217174571504039
 3.0881537033841102 3.674314276427264
 3.4478939459398017 2.2724319015789485
 3.3052202995407729 2.2326366943897344
 3.834833280097647 0.80762151470998855
 4.0180202059350414 2.5494007836804391
 2.2044825513559356 -0.37776292112434096
 4.1715719247389602 5.2211417732364325
 3.8480255058916684 5.1314981769694121
 -0.22524777942180041 -5.0698150092245102
 3.3536856990061876 0.87040664779609789
 1.8175374580560077 -0.44229865222005316
 2.255336715731703 -2.9756059760873983
 2.3180400585224796 1.4380873470644828
 4.3410659268958236 4.9987980699781822
 2.9892650831925964 4.9376040781264354
 3.7579435822075045 1.3939284957904547
 2.7914048847743032 2.0687225737651436
 1.2214709439199654 -1.8874575812206551
 2.9121948255350514 1.8303230680669271
 4.2750194992541948 3.6717672611920786
 1.305804485942768 -2.722748619488363
 2.1458118040050009 -0.87512600549550879
 3.4219990926662951 2.7326354782362703
 3.1774743342509559 1.8224531241496096
 0.11666003107609502 -6.8671887503631286
 3.5433529615552333 2.5337631169001118
 3.4942006204163167 3.3226717859037933
 4.4901316321458076 5.6877943122494852
 2.5069095714781553 0.73448191593012746
 2.5327591811622758 -0.99356805545720706
 3.2448607568653611 0.94190628863151904
 2.8958798500018696 1.3741389001888811
 4.5085944425008506 5.1803156492382971
 2.3439565108716489 1.5588055452138359
 0.35285625434006729 -4.4579283129771694
 3.6047157825359002 3.4661886057227842
 2.7050934324462208 2.0167489408070178
 2.9961227000065334 3.0090123596597804
 4.170973886703397 2.4808173346316211
 3.574776345317396 5.3873007601105538
 1.6482463860637686 -0.2228236117355058
 5.3776640172860821 8.8133044397486167
 3.7963784411656158 3.9438668831209642
 1.7960641853451196 -0.014527593157857677
 3.0352048551421968 3.4760979514889678
 0.87994659402183872 -1.907620219769544
 1 10
 3.0163977726533835 2.1679093987272293
 3.8242484699033965 3.450836034535028
 2.949997259155229 1.1945233059156806
 3.2041456319477937 3.1077140782455528
 3.900903405920523 6.6679569758915038
 3.3330186825377055 1.9214946756376334
 3.5399258026699774 4.4022107060168558
 2.2014708995178114 -0.4880260664025613
 2.8780517645393306 4.5352466532596925
 3.3697356826425384 4.6462524107783665
 2.1568712810575348 0.22171012438922655
 2.956427017886746 1.4916911892300693
 3.0543038774687696 -0.23269867085888052
 3.5556885772808142 1.7883880686735489


